6.301008133907018535e-05
6.301002427880396470e-05
6.300985309666856280e-05
6.300956778865381396e-05
6.300916834807691283e-05
6.300865476558356636e-05
6.300802702914945746e-05
6.300728512408229143e-05
6.300642903302428966e-05
6.300545873595518468e-05
6.300437421019540506e-05
6.300317543041004627e-05
6.300186236861305843e-05
6.300043499417194899e-05
6.299889327381298697e-05
6.299723717162663747e-05
6.299546664907385008e-05
6.299358166499230654e-05
6.299158217560344103e-05
6.298946813451981267e-05
6.298723949275284405e-05
6.298489619872121024e-05
6.298243819825921424e-05
6.297986543462617891e-05
6.297717784851596080e-05
6.297437537806670801e-05
6.297145795887148536e-05
6.296842552398902151e-05
6.296527800395507960e-05
6.296201532679384131e-05
6.295863741803037520e-05
6.295514420070305085e-05
6.295153559537633242e-05
6.294781152015439894e-05
6.294397189069481883e-05
6.294001662022264451e-05
6.293594561954518466e-05
6.293175879706700687e-05
6.292745605880533332e-05
6.292303730840582943e-05
6.291850244715888052e-05
6.291385137401630200e-05
6.290908398560826652e-05
6.290420017626073253e-05
6.289919983801337423e-05
6.289408286063767422e-05
6.288884913165559889e-05
6.288349853635854484e-05
6.287803095782650215e-05
6.287244627694831543e-05
6.286674437244121297e-05
6.286092512087156927e-05
6.285498839667584363e-05
6.284893407218155952e-05
6.284276201762897503e-05
6.283647210119305154e-05
6.283006418900577471e-05
6.282353814517877368e-05
6.281689383182614351e-05
6.281013110908804009e-05
6.280324983515416675e-05
6.279624986628784349e-05
6.278913105685034733e-05
6.278189325932571343e-05
6.277453632434549559e-05
6.276706010071420429e-05
6.275946443543502944e-05
6.275174917373567147e-05
6.274391415909466032e-05
6.273595923326795909e-05
6.272788423631575736e-05
6.271968900662976598e-05
6.271137338096049833e-05
6.270293719444525627e-05
6.269438028063600767e-05
6.268570247152769768e-05
6.267690359758702073e-05
6.266798348778120607e-05
6.265894196960703378e-05
6.264977886912048764e-05
6.264049401096616419e-05
6.263108721840748123e-05
6.262155831335649344e-05
6.261190711640476502e-05
6.260213344685355114e-05
6.259223712274507724e-05
6.258221796089350646e-05
6.257207577691634094e-05
6.256181038526585007e-05
6.255142159926109513e-05
6.254090923112000811e-05
6.253027309199118598e-05
6.251951299198680971e-05
6.250862874021498067e-05
6.249762014481254481e-05
6.248648701297832345e-05
6.247522915100618148e-05
6.246384636431820392e-05
6.245233845749856370e-05
6.244070523432725388e-05
6.242894649781348111e-05
6.241706205023044138e-05
6.240505169314886254e-05
6.239291522747180720e-05
6.238065245346897415e-05
6.236826317081131156e-05
6.235574717860586046e-05
6.234310427543063901e-05
6.233033425936966218e-05
6.231743692804806996e-05
6.230441207866745871e-05
6.229125950804113138e-05
6.227797901262969993e-05
6.226457038857649811e-05
6.225103343174346856e-05
6.223736793774664329e-05
6.222357370199230187e-05
6.220965051971254678e-05
6.219559818600166486e-05
6.218141649585175689e-05
6.216710524418932941e-05
6.215266422591108697e-05
6.213809323592030709e-05
6.212339206916324234e-05
6.210856052066529207e-05
6.209359838556735025e-05
6.207850545916234310e-05
6.206328153693150922e-05
6.204792641458099138e-05
6.203243988807800825e-05
6.201682175368769014e-05
6.200107180800934557e-05
6.198518984801299890e-05
6.196917567107580597e-05
6.195302907501865942e-05
6.193674985814249601e-05
6.192033781926484768e-05
6.190379275775614886e-05
6.188711447357617915e-05
6.187030276731049255e-05
6.185335744020654849e-05
6.183627829421019522e-05
6.181906513200166532e-05
6.180171775703203205e-05
6.178423597355893373e-05
6.176661958668305721e-05
6.174886840238375386e-05
6.173098222755515712e-05
6.171296087004194753e-05
6.169480413867502308e-05
6.167651184330738621e-05
6.165808379484944823e-05
6.163951980530460461e-05
6.162081968780467494e-05
6.160198325664512586e-05
6.158301032732022636e-05
6.156390071655794554e-05
6.154465424235518916e-05
6.152527072401225018e-05
6.150574998216770651e-05
6.148609183883289864e-05
6.146629611742625819e-05
6.144636264280763647e-05
6.142629124131241617e-05
6.140608174078548758e-05
6.138573397061485883e-05
6.136524776176557785e-05
6.134462294681309875e-05
6.132385935997645835e-05
6.130295683715173739e-05
6.128191521594458660e-05
6.126073433570341684e-05
6.123941403755181674e-05
6.121795416442095677e-05
6.119635456108183074e-05
6.117461507417729398e-05
6.115273555225389816e-05
6.113071584579345520e-05
6.110855580724461463e-05
6.108625529105373624e-05
6.106381415369618285e-05
6.104123225370708459e-05
6.101850945171161523e-05
6.099564561045558699e-05
6.097264059483543551e-05
6.094949427192800832e-05
6.092620651102042108e-05
6.090277718363905991e-05
6.087920616357911922e-05
6.085549332693322456e-05
6.083163855212015726e-05
6.080764171991328762e-05
6.078350271346862863e-05
6.075922141835278127e-05
6.073479772257057491e-05
6.071023151659219271e-05
6.068552269338059512e-05
6.066067114841795408e-05
6.063567677973259550e-05
6.061053948792481677e-05
6.058525917619329387e-05
6.055983575036041108e-05
6.053426911889792263e-05
6.050855919295182841e-05
6.048270588636751389e-05
6.045670911571413789e-05
6.043056880030871545e-05
6.040428486224034969e-05
6.037785722639368451e-05
6.035128582047230979e-05
6.032457057502188199e-05
6.029771142345264847e-05
6.027070830206210052e-05
6.024356115005692169e-05
6.021626990957488189e-05
6.018883452570627748e-05
6.016125494651515456e-05
6.013353112306006463e-05
6.010566300941472544e-05
6.007765056268810582e-05
6.004949374304428692e-05
6.002119251372219468e-05
5.999274684105467502e-05
5.996415669448740640e-05
5.993542204659765648e-05
5.990654287311220538e-05
5.987751915292545185e-05
5.984835086811696376e-05
5.981903800396881860e-05
5.978958054898214430e-05
5.975997849489413446e-05
5.973023183669391159e-05
5.970034057263867488e-05
5.967030470426894012e-05
5.964012423642407756e-05
5.960979917725693519e-05
5.957932953824836698e-05
5.954871533422145629e-05
5.951795658335538007e-05
5.948705330719872427e-05
5.945600553068275173e-05
5.942481328213410091e-05
5.939347659328723386e-05
5.936199549929659964e-05
5.933037003874820143e-05
5.929860025367102123e-05
5.926668618954824820e-05
5.923462789532764631e-05
5.920242542343215244e-05
5.917007882976964772e-05
5.913758817374278990e-05
5.910495351825810712e-05
5.907217492973501031e-05
5.903925247811435840e-05
5.900618623686678635e-05
5.897297628300027423e-05
5.893962269706812289e-05
5.890612556317565568e-05
5.887248496898745548e-05
5.883870100573354469e-05
5.880477376821561939e-05
5.877070335481290398e-05
5.873648986748737573e-05
5.870213341178905027e-05
5.866763409686064361e-05
5.863299203544192255e-05
5.859820734387365522e-05
5.856328014210154809e-05
5.852821055367942403e-05
5.849299870577225134e-05
5.845764472915873221e-05
5.842214875823385745e-05
5.838651093101058018e-05
5.835073138912169963e-05
5.831481027782095213e-05
5.827874774598419699e-05
5.824254394610977557e-05
5.820619903431906698e-05
5.816971317035614928e-05
5.813308651758773167e-05
5.809631924300210422e-05
5.805941151720842632e-05
5.802236351443501908e-05
5.798517541252788134e-05
5.794784739294854157e-05
5.791037964077186238e-05
5.787277234468301830e-05
5.783502569697485302e-05
5.779713989354443710e-05
5.775911513388919187e-05
5.772095162110314222e-05
5.768264956187272208e-05
5.764420916647185482e-05
5.760563064875737254e-05
5.756691422616350015e-05
5.752806011969651572e-05
5.748906855392886864e-05
5.744993975699288450e-05
5.741067396057461221e-05
5.737127139990672931e-05
5.733173231376163689e-05
5.729205694444418871e-05
5.725224553778394590e-05
5.721229834312714033e-05
5.717221561332857697e-05
5.713199760474307545e-05
5.709164457721658642e-05
5.705115679407717229e-05
5.701053452212560862e-05
5.696977803162552457e-05
5.692888759629376714e-05
5.688786349328997922e-05
5.684670600320604220e-05
5.680541541005552529e-05
5.676399200126238954e-05
5.672243606764990862e-05
5.668074790342881035e-05
5.663892780618570287e-05
5.659697607687089090e-05
5.655489301978585320e-05
5.651267894257088267e-05
5.647033415619198107e-05
5.642785897492788924e-05
5.638525371635667009e-05
5.634251870134205444e-05
5.629965425401959033e-05
5.625666070178261618e-05
5.621353837526778664e-05
5.617028760834054434e-05
5.612690873808044245e-05
5.608340210476585747e-05
5.603976805185889847e-05
5.599600692598993010e-05
5.595211907694163484e-05
5.590810485763335303e-05
5.586396462410465045e-05
5.581969873549923146e-05
5.577530755404806609e-05
5.573079144505295088e-05
5.568615077686908703e-05
5.564138592088812624e-05
5.559649725152080991e-05
5.555148514617924921e-05
5.550634998525906961e-05
5.546109215212162322e-05
5.541571203307557087e-05
5.537021001735870145e-05
5.532458649711933775e-05
5.527884186739741724e-05
5.523297652610578272e-05
5.518699087401112075e-05
5.514088531471447307e-05
5.509466025463193104e-05
5.504831610297509972e-05
5.500185327173117556e-05
5.495527217564318012e-05
5.490857323218961092e-05
5.486175686156455990e-05
5.481482348665701188e-05
5.476777353303033966e-05
5.472060742890170413e-05
5.467332560512123762e-05
5.462592849515084093e-05
5.457841653504321762e-05
5.453079016342062360e-05
5.448304982145345417e-05
5.443519595283853287e-05
5.438722900377775268e-05
5.433914942295607349e-05
5.429095766151968900e-05
5.424265417305396998e-05
5.419423941356138041e-05
5.414571384143913613e-05
5.409707791745693131e-05
5.404833210473436667e-05
5.399947686871840486e-05
5.395051267716073775e-05
5.390144000009488266e-05
5.385225930981334634e-05
5.380297108084468733e-05
5.375357578993044956e-05
5.370407391600184519e-05
5.365446594015675603e-05
5.360475234563621310e-05
5.355493361780100495e-05
5.350501024410825215e-05
5.345498271408773101e-05
5.340485151931848192e-05
5.335461715340472649e-05
5.330428011195241495e-05
5.325384089254513647e-05
5.320329999472049717e-05
5.315265791994580683e-05
5.310191517159430102e-05
5.305107225492105823e-05
5.300012967703866633e-05
5.294908794689332947e-05
5.289794757524042605e-05
5.284670907462027010e-05
5.279537295933389284e-05
5.274393974541868207e-05
5.269240995062381139e-05
5.264078409438604898e-05
5.258906269780526816e-05
5.253724628361974115e-05
5.248533537618196810e-05
5.243333050143390313e-05
5.238123218688243776e-05
5.232904096157493860e-05
5.227675735607451404e-05
5.222438190243551120e-05
5.217191513417878264e-05
5.211935758626730532e-05
5.206670979508120332e-05
5.201397229839338715e-05
5.196114563534477975e-05
5.190823034641967797e-05
5.185522697342115475e-05
5.180213605944645452e-05
5.174895814886217173e-05
5.169569378727995794e-05
5.164234352153153096e-05
5.158890789964443619e-05
5.153538747081713023e-05
5.148178278539468128e-05
5.142809439484416446e-05
5.137432285172996237e-05
5.132046870968942474e-05
5.126653252340841965e-05
5.121251484859679672e-05
5.115841624196395187e-05
5.110423726119456153e-05
5.104997846492407968e-05
5.099564041271456691e-05
5.094122366503021454e-05
5.088672878321340412e-05
5.083215632946018410e-05
5.077750686679640384e-05
5.072278095905325128e-05
5.066797917084361739e-05
5.061310206753776253e-05
5.055815021523945728e-05
5.050312418076220451e-05
5.044802453160503457e-05
5.039285183592914752e-05
5.033760666253381673e-05
5.028228958083290231e-05
5.022690116083112751e-05
5.017144197310070049e-05
5.011591258875749586e-05
5.006031357943801531e-05
5.000464551727567072e-05
4.994890897487782618e-05
4.989310452530235210e-05
4.983723274203454527e-05
4.978129419896404215e-05
4.972528947036194215e-05
4.966921913085774128e-05
4.961308375541655710e-05
4.955688391931640114e-05
4.950062019812547843e-05
4.944429316767949377e-05
4.938790340405939850e-05
4.933145148356872387e-05
4.927493798271134138e-05
4.921836347816922985e-05
4.916172854678033056e-05
4.910503376551642957e-05
4.904827971146118903e-05
4.899146696178828021e-05
4.893459609373977399e-05
4.887766768460411799e-05
4.882068231169475070e-05
4.876364055232870200e-05
4.870654298380493630e-05
4.864939018338333926e-05
4.859218272826332517e-05
4.853492119556281699e-05
4.847760616229738898e-05
4.842023820535915188e-05
4.836281790149616662e-05
4.830534582729172928e-05
4.824782255914380515e-05
4.819024867324461856e-05
4.813262474556023610e-05
4.807495135181045457e-05
4.801722906744864165e-05
4.795945846764163749e-05
4.790164012725006969e-05
4.784377462080839036e-05
4.778586252250538767e-05
4.772790440616452105e-05
4.766990084522448694e-05
4.761185241272004192e-05
4.755375968126272426e-05
4.749562322302181260e-05
4.743744360970535243e-05
4.737922141254135195e-05
4.732095720225908635e-05
4.726265154907054444e-05
4.720430502265185484e-05
4.714591819212509181e-05
4.708749162603995212e-05
4.702902589235578450e-05
4.697052155842342241e-05
4.691197919096759289e-05
4.685339935606909500e-05
4.679478261914710017e-05
4.673612954494192699e-05
4.667744069749757196e-05
4.661871664014445718e-05
4.655995793548248283e-05
4.650116514536403240e-05
4.644233883087718102e-05
4.638347955232891749e-05
4.632458786922873215e-05
4.626566434027208955e-05
4.620670952332417224e-05
4.614772397540369903e-05
4.608870825266692621e-05
4.602966291039179792e-05
4.597058850296202863e-05
4.591148558385159238e-05
4.585235470560927956e-05
4.579319641984308449e-05
4.573401127720529082e-05
4.567479982737708940e-05
4.561556261905383994e-05
4.555630019993004126e-05
4.549701311668482326e-05
4.543770191496719504e-05
4.537836713938175377e-05
4.531900933347432573e-05
4.525962903971786496e-05
4.520022679949824341e-05
4.514080315310068487e-05
4.508135863969565677e-05
4.502189379732551421e-05
4.496240916289084572e-05
4.490290527213720541e-05
4.484338265964191275e-05
4.478384185880081856e-05
4.472428340181559950e-05
4.466470781968069344e-05
4.460511564217081081e-05
4.454550739782824943e-05
4.448588361395066336e-05
4.442624481657852679e-05
4.436659153048327562e-05
4.430692427915509658e-05
4.424724358479113659e-05
4.418754996828378655e-05
4.412784394920895843e-05
4.406812604581485023e-05
4.400839677501031788e-05
4.394865665235388419e-05
4.388890619204257828e-05
4.382914590690101909e-05
4.376937630837062751e-05
4.370959790649894702e-05
4.364981120992910660e-05
4.359001672588931750e-05
4.353021496018278340e-05
4.347040641717746148e-05
4.341059159979597932e-05
4.335077100950589067e-05
4.329094514630983626e-05
4.323111450873592834e-05
4.317127959382832485e-05
4.311144089713779689e-05
4.305159891271255365e-05
4.299175413308912834e-05
4.293190704928336575e-05
4.287205815078161988e-05
4.281220792553204647e-05
4.275235685993607166e-05
4.269250543883970481e-05
4.263265414552552899e-05
4.257280346170425094e-05
4.251295386750670512e-05
4.245310584147601353e-05
4.239325986055946779e-05
4.233341640010114299e-05
4.227357593383412529e-05
4.221373893387320717e-05
4.215390587070731829e-05
4.209407721319257984e-05
4.203425342854508781e-05
4.197443498233399445e-05
4.191462233847461678e-05
4.185481595922176877e-05
4.179501630516314090e-05
4.173522383521283564e-05
4.167543900660499096e-05
4.161566227488761396e-05
4.155589409391633989e-05
4.149613491584853005e-05
4.143638519113738999e-05
4.137664536852610127e-05
4.131691589504235301e-05
4.125719721599257529e-05
4.119748977495674852e-05
4.113779401378302311e-05
4.107811037258241363e-05
4.101843928972394705e-05
4.095878120182949917e-05
4.089913654376913936e-05
4.083950574865615677e-05
4.077988924784271000e-05
4.072028747091513108e-05
4.066070084568960231e-05
4.060112979820777192e-05
4.054157475273283069e-05
4.048203613174501924e-05
4.042251435593812472e-05
4.036300984421527276e-05
4.030352301368532924e-05
4.024405427965929537e-05
4.018460405564667554e-05
4.012517275335208250e-05
4.006576078267197114e-05
4.000636855169139265e-05
3.994699646668070132e-05
3.988764493209281687e-05
3.982831435056011416e-05
3.976900512289175337e-05
3.970971764807083393e-05
3.965045232325177890e-05
3.959120954375799039e-05
3.953198970307932199e-05
3.947279319286974778e-05
3.941362040294507868e-05
3.935447172128104479e-05
3.929534753401116764e-05
3.923624822542476798e-05
3.917717417796521748e-05
3.911812577222811594e-05
3.905910338695978693e-05
3.900010739905559733e-05
3.894113818355851391e-05
3.888219611365776170e-05
3.882328156068759066e-05
3.876439489412600856e-05
3.870553648159369675e-05
3.864670668885308180e-05
3.858790587980733943e-05
3.852913441649948647e-05
3.847039265911185907e-05
3.841168096596526570e-05
3.835299969351843146e-05
3.829434919636765254e-05
3.823572982724614565e-05
3.817714193702401415e-05
3.811858587470778051e-05
3.806006198744033887e-05
3.800157062050092113e-05
3.794311211730492080e-05
3.788468681940421147e-05
3.782629506648716713e-05
3.776793719637899424e-05
3.770961354504194176e-05
3.765132444657584327e-05
3.759307023321848963e-05
3.753485123534626601e-05
3.747666778147468717e-05
3.741852019825923095e-05
3.736040881049597525e-05
3.730233394112256022e-05
3.724429591121911667e-05
3.718629504000916727e-05
3.712833164486084629e-05
3.707040604128786183e-05
3.701251854295088494e-05
3.695466946165866095e-05
3.689685910736961543e-05
3.683908778819291807e-05
3.678135581039035292e-05
3.672366347837750425e-05
3.666601109472570133e-05
3.660839896016347531e-05
3.655082737357847694e-05
3.649329663201914350e-05
3.643580703069669780e-05
3.637835886298699135e-05
3.632095242043268627e-05
3.626358799274501040e-05
3.620626586780623736e-05
3.614898633167161783e-05
3.609174966857184606e-05
3.603455616091511313e-05
3.597740608928967512e-05
3.592029973246618416e-05
3.586323736740026338e-05
3.580621926923493287e-05
3.574924571130325916e-05
3.569231696513103182e-05
3.563543330043942659e-05
3.557859498514772941e-05
3.552180228537631118e-05
3.546505546544930442e-05
3.540835478789757803e-05
3.535170051346186114e-05
3.529509290109553496e-05
3.523853220796781759e-05
3.518201868946689467e-05
3.512555259920309745e-05
3.506913418901212828e-05
3.501276370895817095e-05
3.495644140733752947e-05
3.490016753068164360e-05
3.484394232376077506e-05
3.478776602958727373e-05
3.473163888941919618e-05
3.467556114276380217e-05
3.461953302738114615e-05
3.456355477928773636e-05
3.450762663276016020e-05
3.445174882033884501e-05
3.439592157283182568e-05
3.434014511931854618e-05
3.428441968715365419e-05
3.422874550197091105e-05
3.417312278768715590e-05
3.411755176650618841e-05
3.406203265892283460e-05
3.400656568372695834e-05
3.395115105800754749e-05
3.389578899715677961e-05
3.384047971487425037e-05
3.378522342317108674e-05
3.373002033237420248e-05
3.367487065113050621e-05
3.361977458641123820e-05
3.356473234351630721e-05
3.350974412607863402e-05
3.345481013606839345e-05
3.339993057379767635e-05
3.334510563792477902e-05
3.329033552545870942e-05
3.323562043176374081e-05
3.318096055056390443e-05
3.312635607394761765e-05
3.307180719237217667e-05
3.301731409466852700e-05
3.296287696804582390e-05
3.290849599809613505e-05
3.285417136879917045e-05
3.279990326252695801e-05
3.274569186004872923e-05
3.269153734053562873e-05
3.263743988156542371e-05
3.258339965912760653e-05
3.252941684762800930e-05
3.247549161989381157e-05
3.242162414717838533e-05
3.236781459916636367e-05
3.231406314397835709e-05
3.226036994817618471e-05
3.220673517676770579e-05
3.215315899321190870e-05
3.209964155942390503e-05
3.204618303578003887e-05
3.199278358112294871e-05
3.193944335276664281e-05
3.188616250650162890e-05
3.183294119660006410e-05
3.177977957582090487e-05
3.172667779541504346e-05
3.167363600513057302e-05
3.162065435321788337e-05
3.156773298643498717e-05
3.151487205005266983e-05
3.146207168785980214e-05
3.140933204216863250e-05
3.135665325381994370e-05
3.130403546218845355e-05
3.125147880518812073e-05
3.119898341927746416e-05
3.114654943946483490e-05
3.109417699931386431e-05
3.104186623094866139e-05
3.098961726505945747e-05
3.093743023090772900e-05
3.088530525633173383e-05
3.083324246775183728e-05
3.078124199017606195e-05
3.072930394720531898e-05
3.067742846103903233e-05
3.062561565248050563e-05
3.057386564094230925e-05
3.052217854445187076e-05
3.047055447965690947e-05
3.041899356183079987e-05
3.036749590487830430e-05
3.031606162134075686e-05
3.026469082240187738e-05
3.021338361789306710e-05
3.016214011629899571e-05
3.011096042476309347e-05
3.005984464909317556e-05
3.000879289376683597e-05
2.995780526193709208e-05
2.990688185543785997e-05
2.985602277478955829e-05
2.980522811920459375e-05
2.975449798659296499e-05
2.970383247356785984e-05
2.965323167545105598e-05
2.960269568627869094e-05
2.955222459880671017e-05
2.950181850451638979e-05
2.945147749362004547e-05
2.940120165506655519e-05
2.935099107654686829e-05
2.930084584449957894e-05
2.925076604411667246e-05
2.920075175934890561e-05
2.915080307291146821e-05
2.910092006628950916e-05
2.905110281974387931e-05
2.900135141231646781e-05
2.895166592183596188e-05
2.890204642492333564e-05
2.885249299699742354e-05
2.880300571228057517e-05
2.875358464380410676e-05
2.870422986341398988e-05
2.865494144177633000e-05
2.860571944838297389e-05
2.855656395155702887e-05
2.850747501845847016e-05
2.845845271508970760e-05
2.840949710630109136e-05
2.836060825579647522e-05
2.831178622613876299e-05
2.826303107875549552e-05
2.821434287394429879e-05
2.816572167087846084e-05
2.811716752761252887e-05
2.806868050108769647e-05
2.802026064713744816e-05
2.797190802049298047e-05
2.792362267478874826e-05
2.787540466256798740e-05
2.782725403528816968e-05
2.777917084332653220e-05
2.773115513598550517e-05
2.768320696149824137e-05
2.763532636703406762e-05
2.758751339870397696e-05
2.753976810156597170e-05
2.749209051963071490e-05
2.744448069586673445e-05
2.739693867220608809e-05
2.734946448954957772e-05
2.730205818777238047e-05
2.725471980572921561e-05
2.720744938125999258e-05
2.716024695119503206e-05
2.711311255136052430e-05
2.706604621658389588e-05
2.701904798069919687e-05
2.697211787655238630e-05
2.692525593600673283e-05
2.687846218994817480e-05
2.683173666829065653e-05
2.678507939998136974e-05
2.673849041300611361e-05
2.669196973439460734e-05
2.664551739022580953e-05
2.659913340563311218e-05
2.655281780480964651e-05
2.650657061101357862e-05
2.646039184657337124e-05
2.641428153289287608e-05
2.636823969045675828e-05
2.632226633883561921e-05
2.627636149669113969e-05
2.623052518178141290e-05
2.618475741096598590e-05
2.613905820021115531e-05
2.609342756459500883e-05
2.604786551831264637e-05
2.600237207468133677e-05
2.595694724614559321e-05
2.591159104428223851e-05
2.586630347980559908e-05
2.582108456257257363e-05
2.577593430158763398e-05
2.573085270500799203e-05
2.568583978014854976e-05
2.564089553348697470e-05
2.559601997066879905e-05
2.555121309651225790e-05
2.550647491501349009e-05
2.546180542935133910e-05
2.541720464189243194e-05
2.537267255419613931e-05
2.532820916701942408e-05
2.528381448032191326e-05
2.523948849327069564e-05
2.519523120424528199e-05
2.515104261084246027e-05
2.510692270988121858e-05
2.506287149740756985e-05
2.501888896869944770e-05
2.497497511827143288e-05
2.493112993987972706e-05
2.488735342652680132e-05
2.484364557046633945e-05
2.480000636320783228e-05
2.475643579552157174e-05
2.471293385744319777e-05
2.466950053827850943e-05
2.462613582660819480e-05
2.458283971029255054e-05
2.453961217647612715e-05
2.449645321159236720e-05
2.445336280136840978e-05
2.441034093082959330e-05
2.436738758430414466e-05
2.432450274542777017e-05
2.428168639714834475e-05
2.423893852173033680e-05
2.419625910075951430e-05
2.415364811514746126e-05
2.411110554513610078e-05
2.406863137030219798e-05
2.402622556956193387e-05
2.398388812117533374e-05
2.394161900275084106e-05
2.389941819124964079e-05
2.385728566299020282e-05
2.381522139365273064e-05
2.377322535828347097e-05
2.373129753129924038e-05
2.368943788649172479e-05
2.364764639703187049e-05
2.360592303547428533e-05
2.356426777376147727e-05
2.352268058322826911e-05
2.348116143460608112e-05
2.343971029802717631e-05
2.339832714302899052e-05
2.335701193855837095e-05
2.331576465297579775e-05
2.327458525405966329e-05
2.323347370901043948e-05
2.319242998445488252e-05
2.315145404645018671e-05
2.311054586048824671e-05
2.306970539149967928e-05
2.302893260385800760e-05
2.298822746138381177e-05
2.294758992734876062e-05
2.290701996447976901e-05
2.286651753496299241e-05
2.282608260044790961e-05
2.278571512205138167e-05
2.274541506036162965e-05
2.270518237544225625e-05
2.266501702683623029e-05
2.262491897356987795e-05
2.258488817415678585e-05
2.254492458660177875e-05
2.250502816840485994e-05
2.246519887656506353e-05
2.242543666758436440e-05
2.238574149747158803e-05
2.234611332174619511e-05
2.230655209544220497e-05
2.226705777311196319e-05
2.222763030882998032e-05
2.218826965619668937e-05
2.214897576834226760e-05
2.210974859793035668e-05
2.207058809716183029e-05
2.203149421777854820e-05
2.199246691106700185e-05
2.195350612786204476e-05
2.191461181855059226e-05
2.187578393307524014e-05
2.183702242093798132e-05
2.179832723120375329e-05
2.175969831250412439e-05
2.172113561304084116e-05
2.168263908058944348e-05
2.164420866250279843e-05
2.160584430571474586e-05
2.156754595674347641e-05
2.152931356169519406e-05
2.149114706626754827e-05
2.145304641575311369e-05
2.141501155504292725e-05
2.137704242862985943e-05
2.133913898061213114e-05
2.130130115469665436e-05
2.126352889420252536e-05
2.122582214206435861e-05
2.118818084083569521e-05
2.115060493269231993e-05
2.111309435943569331e-05
2.107564906249613659e-05
2.103826898293629767e-05
2.100095406145436317e-05
2.096370423838734144e-05
2.092651945371435925e-05
2.088939964705989745e-05
2.085234475769700633e-05
2.081535472455055478e-05
2.077842948620042197e-05
2.074156898088467540e-05
2.070477314650275911e-05
2.066804192061864466e-05
2.063137524046395162e-05
2.059477304294111543e-05
2.055823526462645029e-05
2.052176184177330692e-05
2.048535271031504053e-05
2.044900780586823296e-05
2.041272706373558951e-05
2.037651041890906281e-05
2.034035780607284117e-05
2.030426915960638429e-05
2.026824441358733374e-05
2.023228350179455883e-05
2.019638635771111109e-05
2.016055291452711773e-05
2.012478310514273947e-05
2.008907686217109790e-05
2.005343411794114860e-05
2.001785480450055091e-05
1.998233885361857154e-05
1.994688619678895770e-05
1.991149676523266458e-05
1.987617048990079281e-05
1.984090730147736677e-05
1.980570713038208236e-05
1.977056990677316655e-05
1.973549556055004389e-05
1.970048402135615199e-05
1.966553521858169953e-05
1.963064908136628859e-05
1.959582553860171670e-05
1.956106451893462975e-05
1.952636595076917482e-05
1.949172976226972774e-05
1.945715588136345779e-05
1.942264423574302474e-05
1.938819475286920462e-05
1.935380735997341726e-05
1.931948198406037242e-05
1.928521855191071255e-05
1.925101699008340819e-05
1.921687722491847186e-05
1.918279918253938397e-05
1.914878278885568134e-05
1.911482796956541700e-05
1.908093465015767078e-05
1.904710275591502605e-05
1.901333221191605659e-05
1.897962294303774235e-05
1.894597487395789534e-05
1.891238792915767361e-05
1.887886203292384794e-05
1.884539710935134632e-05
1.881199308234550701e-05
1.877864987562456213e-05
1.874536741272189746e-05
1.871214561698843773e-05
1.867898441159500814e-05
1.864588371953457052e-05
1.861284346362459502e-05
1.857986356650930985e-05
1.854694395066198824e-05
1.851408453838719140e-05
1.848128525182311650e-05
1.844854601294364309e-05
1.841586674356074884e-05
1.838324736532657291e-05
1.835068779973576057e-05
1.831818796812746553e-05
1.828574779168765050e-05
1.825336719145127936e-05
1.822104608830428898e-05
1.818878440298589319e-05
1.815658205609061565e-05
1.812443896807045489e-05
1.809235505923686632e-05
1.806033024976297810e-05
1.802836445968560369e-05
1.799645760890726117e-05
1.796460961719829758e-05
1.793282040419883036e-05
1.790108988942085814e-05
1.786941799225017839e-05
1.783780463194844406e-05
1.780624972765517951e-05
1.777475319838961345e-05
1.774331496305278644e-05
1.771193494042943458e-05
1.768061304918989036e-05
1.764934920789206803e-05
1.761814333498332711e-05
1.758699534880242056e-05
1.755590516758131757e-05
1.752487270944712807e-05
1.749389789242395936e-05
1.746298063443472884e-05
1.743212085330305449e-05
1.740131846675506763e-05
1.737057339242119498e-05
1.733988554783802557e-05
1.730925485045004548e-05
1.727868121761145381e-05
1.724816456658792460e-05
1.721770481455836180e-05
1.718730187861667810e-05
1.715695567577346184e-05
1.712666612295776937e-05
1.709643313701881233e-05
1.706625663472767542e-05
1.703613653277899015e-05
1.700607274779261874e-05
1.697606519631532785e-05
1.694611379482247927e-05
1.691621845971960200e-05
1.688637910734411680e-05
1.685659565396689479e-05
1.682686801579393786e-05
1.679719610896790682e-05
1.676757984956976798e-05
1.673801915362037540e-05
1.670851393708204979e-05
1.667906411586009299e-05
1.664966960580441425e-05
1.662033032271097025e-05
1.659104618232343876e-05
1.656181710033460784e-05
1.653264299238795464e-05
1.650352377407912611e-05
1.647445936095744660e-05
1.644544966852737149e-05
1.641649461224999141e-05
1.638759410754444856e-05
1.635874806978944440e-05
1.632995641432461183e-05
1.630121905645201953e-05
1.627253591143751368e-05
1.624390689451221209e-05
1.621533192087383239e-05
1.618681090568811160e-05
1.615834376409021905e-05
1.612993041118606415e-05
1.610157076205372958e-05
1.607326473174474523e-05
1.604501223528551122e-05
1.601681318767856507e-05
1.598866750390393014e-05
1.596057509892048786e-05
1.593253588766716357e-05
1.590454978506431225e-05
1.587661670601499587e-05
1.584873656540622679e-05
1.582090927811028580e-05
1.579313475898589777e-05
1.576541292287959707e-05
1.573774368462687613e-05
1.571012695905344927e-05
1.568256266097646219e-05
1.565505070520575918e-05
1.562759100654499781e-05
1.560018347979294655e-05
1.557282803974458597e-05
1.554552460119234874e-05
1.551827307892725808e-05
1.549107338774007294e-05
1.546392544242250093e-05
1.543682915776828593e-05
1.540978444857437024e-05
1.538279122964201939e-05
1.535584941577791993e-05
1.532895892179534834e-05
1.530211966251517725e-05
1.527533155276710204e-05
1.524859450739055554e-05
1.522190844123595831e-05
1.519527326916568085e-05
1.516868890605511254e-05
1.514215526679377298e-05
1.511567226628629793e-05
1.508923981945349129e-05
1.506285784123337884e-05
1.503652624658219928e-05
1.501024495047541724e-05
1.498401386790875670e-05
1.495783291389917336e-05
1.493170200348586093e-05
1.490562105173121504e-05
1.487958997372179549e-05
1.485360868456935281e-05
1.482767709941172278e-05
1.480179513341379880e-05
1.477596270176848565e-05
1.475017971969762952e-05
1.472444610245294976e-05
1.469876176531692997e-05
1.467312662360379036e-05
1.464754059266035177e-05
1.462200358786692501e-05
1.459651552463823415e-05
1.457107631842429743e-05
1.454568588471129630e-05
1.452034413902242249e-05
1.449505099691879786e-05
1.446980637400024688e-05
1.444461018590625214e-05
1.441946234831671829e-05
1.439436277695278867e-05
1.436931138757777866e-05
1.434430809599789234e-05
1.431935281806306776e-05
1.429444546966782065e-05
1.426958596675200162e-05
1.424477422530159409e-05
1.422001016134954776e-05
1.419529369097646810e-05
1.417062473031150741e-05
1.414600319553303234e-05
1.412142900286942678e-05
1.409690206859984752e-05
1.407242230905497971e-05
1.404798964061773998e-05
1.402360397972405732e-05
1.399926524286357621e-05
1.397497334658037989e-05
1.395072820747370873e-05
1.392652974219867336e-05
1.390237786746695947e-05
1.387827250004752061e-05
1.385421355676724403e-05
1.383020095451172820e-05
1.380623461022580292e-05
1.378231444091436786e-05
1.375844036364295332e-05
1.373461229553840632e-05
1.371083015378956482e-05
1.368709385564789809e-05
1.366340331842812675e-05
1.363975845950887666e-05
1.361615919633333793e-05
1.359260544640983748e-05
1.356909712731248282e-05
1.354563415668179226e-05
1.352221645222527928e-05
1.349884393171807435e-05
1.347551651300347544e-05
1.345223411399363244e-05
1.342899665267002489e-05
1.340580404708411249e-05
1.338265621535789248e-05
1.335955307568447218e-05
1.333649454632860096e-05
1.331348054562727844e-05
1.329051099199028466e-05
1.326758580390069682e-05
1.324470489991550084e-05
1.322186819866605211e-05
1.319907561885867185e-05
1.317632707927514513e-05
1.315362249877323247e-05
1.313096179628717133e-05
1.310834489082827236e-05
1.308577170148531926e-05
1.306324214742513285e-05
1.304075614789304038e-05
1.301831362221339048e-05
1.299591448979001905e-05
1.297355867010673036e-05
1.295124608272779174e-05
1.292897664729838080e-05
1.290675028354506655e-05
1.288456691127627186e-05
1.286242645038273258e-05
1.284032882083792613e-05
1.281827394269855260e-05
1.279626173610493795e-05
1.277429212128153378e-05
1.275236501853727302e-05
1.273048034826604097e-05
1.270863803094714447e-05
1.268683798714561012e-05
1.266508013751272294e-05
1.264336440278636864e-05
1.262169070379146213e-05
1.260005896144032708e-05
1.257846909673312952e-05
1.255692103075824722e-05
1.253541468469265080e-05
1.251394997980231880e-05
1.249252683744257310e-05
1.247114517905848551e-05
1.244980492618526059e-05
1.242850600044855927e-05
1.240724832356490198e-05
1.238603181734200415e-05
1.236485640367913864e-05
1.234372200456750007e-05
1.232262854209051306e-05
1.230157593842420495e-05
1.228056411583754465e-05
1.225959299669276444e-05
1.223866250344570223e-05
1.221777255864611326e-05
1.219692308493797331e-05
1.217611400505988360e-05
1.215534524184526223e-05
1.213461671822276598e-05
1.211392835721649699e-05
1.209328008194641274e-05
1.207267181562852257e-05
1.205210348157525185e-05
1.203157500319571140e-05
1.201108630399597019e-05
1.199063730757936200e-05
1.197022793764676830e-05
1.194985811799687407e-05
1.192952777252644562e-05
1.190923682523061013e-05
1.188898520020313344e-05
1.186877282163665554e-05
1.184859961382295489e-05
1.182846550115321431e-05
1.180837040811827005e-05
1.178831425930886254e-05
1.176829697941586501e-05
1.174831849323055293e-05
1.172837872564482249e-05
1.170847760165141933e-05
1.168861504634419940e-05
1.166879098491832040e-05
1.164900534267050777e-05
1.162925804499922406e-05
1.160954901740494508e-05
1.158987818549033440e-05
1.157024547496047542e-05
1.155065081162305942e-05
1.153109412138860069e-05
1.151157533027067881e-05
1.149209436438606400e-05
1.147265114995496613e-05
1.145324561330122277e-05
1.143387768085245337e-05
1.141454727914030997e-05
1.139525433480059069e-05
1.137599877457347011e-05
1.135678052530365520e-05
1.133759951394058341e-05
1.131845566753855662e-05
1.129934891325694601e-05
1.128027917836033955e-05
1.126124639021871809e-05
1.124225047630758588e-05
1.122329136420819073e-05
1.120436898160758506e-05
1.118548325629888841e-05
1.116663411618135021e-05
1.114782148926053605e-05
1.112904530364845983e-05
1.111030548756372441e-05
1.109160196933167912e-05
1.107293467738450956e-05
1.105430354026144764e-05
1.103570848660881058e-05
1.101714944518021266e-05
1.099862634483661602e-05
1.098013911454652210e-05
1.096168768338604110e-05
1.094327198053903092e-05
1.092489193529722245e-05
1.090654747706029589e-05
1.088823853533603821e-05
1.086996503974040932e-05
1.085172691999767409e-05
1.083352410594049901e-05
1.081535652751003855e-05
1.079722411475605712e-05
1.077912679783700023e-05
1.076106450702010293e-05
1.074303717268148126e-05
1.072504472530621188e-05
1.070708709548841850e-05
1.068916421393138194e-05
1.067127601144756895e-05
1.065342241895875928e-05
1.063560336749610837e-05
1.061781878820020320e-05
1.060006861232118432e-05
1.058235277121876107e-05
1.056467119636227764e-05
1.054702381933086218e-05
1.052941057181338949e-05
1.051183138560860473e-05
1.049428619262514879e-05
1.047677492488164641e-05
1.045929751450674513e-05
1.044185389373916104e-05
1.042444399492774652e-05
1.040706775053153940e-05
1.038972509311979004e-05
1.037241595537203080e-05
1.035514027007809129e-05
1.033789797013818982e-05
1.032068898856292497e-05
1.030351325847330606e-05
1.028637071310084293e-05
1.026926128578754089e-05
1.025218490998591931e-05
1.023514151925909637e-05
1.021813104728075851e-05
1.020115342783519438e-05
1.018420859481738456e-05
1.016729648223292706e-05
1.015041702419813389e-05
1.013357015494000730e-05
1.011675580879627710e-05
1.009997392021541246e-05
1.008322442375662367e-05
1.006650725408989258e-05
1.004982234599596417e-05
1.003316963436638039e-05
1.001654905420344461e-05
9.999960540620269077e-06
9.983404028840773157e-06
9.966879454199644429e-06
9.950386752142387789e-06
9.933925858225310207e-06
9.917496708115474985e-06
9.901099237590771219e-06
9.884733382539852807e-06
9.868399078962145229e-06
9.852096262967843850e-06
9.835824870777890207e-06
9.819584838723955064e-06
9.803376103248462133e-06
9.787198600904511837e-06
9.771052268355915195e-06
9.754937042377156549e-06
9.738852859853374934e-06
9.722799657780321721e-06
9.706777373264375867e-06
9.690785943522486315e-06
9.674825305882171997e-06
9.658895397781467620e-06
9.642996156768923667e-06
9.627127520503550497e-06
9.611289426754791233e-06
9.595481813402513297e-06
9.579704618436944033e-06
9.563957779958645296e-06
9.548241236178476186e-06
9.532554925417565937e-06
9.516898786107247854e-06
9.501272756789055920e-06
9.485676776114636711e-06
9.470110782845756164e-06
9.454574715854206410e-06
9.439068514121785444e-06
9.423592116740268321e-06
9.408145462911300438e-06
9.392728491946417856e-06
9.377341143266930412e-06
9.361983356403930190e-06
9.346655070998191570e-06
9.331356226800137347e-06
9.316086763669779438e-06
9.300846621576662980e-06
9.285635740599807036e-06
9.270454060927646995e-06
9.255301522857968508e-06
9.240178066797849886e-06
9.225083633263604502e-06
9.210018162880707950e-06
9.194981596383738746e-06
9.179973874616308878e-06
9.164994938531002816e-06
9.150044729189301280e-06
9.135123187761515169e-06
9.120230255526726274e-06
9.105365873872697487e-06
9.090529984295810125e-06
9.075722528401001247e-06
9.060943447901650150e-06
9.046192684619558044e-06
9.031470180484844714e-06
9.016775877535862117e-06
9.002109717919118157e-06
8.987471643889220773e-06
8.972861597808772915e-06
8.958279522148309855e-06
8.943725359486194161e-06
8.929199052508563181e-06
8.914700544009217229e-06
8.900229776889548441e-06
8.885786694158459456e-06
8.871371238932266855e-06
8.856983354434613069e-06
8.842622983996396925e-06
8.828290071055653362e-06
8.813984559157490758e-06
8.799706391953996055e-06
8.785455513204122954e-06
8.771231866773629237e-06
8.757035396634949706e-06
8.742866046867133509e-06
8.728723761655744184e-06
8.714608485292735999e-06
8.700520162176387877e-06
8.686458736811193286e-06
8.672424153807782308e-06
8.658416357882770873e-06
8.644435293858723483e-06
8.630480906664021081e-06
8.616553141332750930e-06
8.602651943004632082e-06
8.588777256924893396e-06
8.574929028444182069e-06
8.561107203018443349e-06
8.547311726208837527e-06
8.533542543681599333e-06
8.519799601207993890e-06
8.506082844664142220e-06
8.492392220030951794e-06
8.478727673394013188e-06
8.465089150943456094e-06
8.451476598973881550e-06
8.437889963884221339e-06
8.424329192177648198e-06
8.410794230461445380e-06
8.397285025446918558e-06
8.383801523949260305e-06
8.370343672887443361e-06
8.356911419284118996e-06
8.343504710265493339e-06
8.330123493061202016e-06
8.316767715004227146e-06
8.303437323530733012e-06
8.290132266179993218e-06
8.276852490594253470e-06
8.263597944518623152e-06
8.250368575800938115e-06
8.237164332391669187e-06
8.223985162343769716e-06
8.210831013812592554e-06
8.197701835055744375e-06
8.184597574432973856e-06
8.171518180406036163e-06
8.158463601538609933e-06
8.145433786496114321e-06
8.132428684045649704e-06
8.119448243055828274e-06
8.106492412496674093e-06
8.093561141439475703e-06
8.080654379056699733e-06
8.067772074621816408e-06
8.054914177509225011e-06
8.042080637194086172e-06
8.029271403252215137e-06
8.016486425359954719e-06
8.003725653294029604e-06
7.990989036931458263e-06
7.978276526249380152e-06
7.965588071324945606e-06
7.952923622335195551e-06
7.940283129556917514e-06
7.927666543366518570e-06
7.915073814239905056e-06
7.902504892752341970e-06
7.889959729578314054e-06
7.877438275491420767e-06
7.864940481364211952e-06
7.852466298168084505e-06
7.840015676973124826e-06
7.827588568947993619e-06
7.815184925359785288e-06
7.802804697573890717e-06
7.790447837053871908e-06
7.778114295361323067e-06
7.765804024155735082e-06
7.753516975194359994e-06
7.741253100332070393e-06
7.729012351521240829e-06
7.716794680811593657e-06
7.704600040350070283e-06
7.692428382380704115e-06
7.680279659244454538e-06
7.668153823379098499e-06
7.656050827319081425e-06
7.643970623695386785e-06
7.631913165235371761e-06
7.619878404762676616e-06
7.607866295197040044e-06
7.595876789554181430e-06
7.583909840945654312e-06
7.571965402578715095e-06
7.560043427756193450e-06
7.548143869876304279e-06
7.536266682432569779e-06
7.524411819013637340e-06
7.512579233303153329e-06
7.500768879079624182e-06
7.488980710216267321e-06
7.477214680680866318e-06
7.465470744535660775e-06
7.453748855937148968e-06
7.442048969135992977e-06
7.430371038476867071e-06
7.418715018398290841e-06
7.407080863432513999e-06
7.395468528205369003e-06
7.383877967436099947e-06
7.372309135937272783e-06
7.360761988614575417e-06
7.349236480466705902e-06
7.337732566585228443e-06
7.326250202154409916e-06
7.314789342451108914e-06
7.303349942844581768e-06
7.291931958796386839e-06
7.280535345860220190e-06
7.269160059681765662e-06
7.257806055998549183e-06
7.246473290639803247e-06
7.235161719526323760e-06
7.223871298670301485e-06
7.212601984175215312e-06
7.201353732235637445e-06
7.190126499137137681e-06
7.178920241256109774e-06
7.167734915059609649e-06
7.156570477105253759e-06
7.145426884041028502e-06
7.134304092605169095e-06
7.123202059626021508e-06
7.112120742021858658e-06
7.101060096800759284e-06
7.090020081060475808e-06
7.079000651988247143e-06
7.068001766860682646e-06
7.057023383043595258e-06
7.046065457991891384e-06
7.035127949249374384e-06
7.024210814448609896e-06
7.013314011310820802e-06
7.002437497645672081e-06
6.991581231351181026e-06
6.980745170413524118e-06
6.969929272906931150e-06
6.959133496993510734e-06
6.948357800923096145e-06
6.937602143033122498e-06
6.926866481748457344e-06
6.916150775581270226e-06
6.905454983130870893e-06
6.894779063083556840e-06
6.884122974212472696e-06
6.873486675377477239e-06
6.862870125524969759e-06
6.852273283687745210e-06
6.841696108984865467e-06
6.831138560621478053e-06
6.820600597888715350e-06
6.810082180163485378e-06
6.799583266908384549e-06
6.789103817671485912e-06
6.778643792086262074e-06
6.768203149871370048e-06
6.757781850830541991e-06
6.747379854852414947e-06
6.736997121910418197e-06
6.726633612062570809e-06
6.716289285451368992e-06
6.705964102303642095e-06
6.695658022930369648e-06
6.685371007726572946e-06
6.675103017171130390e-06
6.664854011826658905e-06
6.654623952339346231e-06
6.644412799438807767e-06
6.634220513937937501e-06
6.624047056732757232e-06
6.613892388802264106e-06
6.603756471208315423e-06
6.593639265095416873e-06
6.583540731690627672e-06
6.573460832303396238e-06
6.563399528325393322e-06
6.553356781230403592e-06
6.543332552574126576e-06
6.533326803994064012e-06
6.523339497209371610e-06
6.513370594020691348e-06
6.503420056309995611e-06
6.493487846040491479e-06
6.483573925256406427e-06
6.473678256082878214e-06
6.463800800725804951e-06
6.453941521471679090e-06
6.444100380687464601e-06
6.434277340820423328e-06
6.424472364397975235e-06
6.414685414027560331e-06
6.404916452396487906e-06
6.395165442271777284e-06
6.385432346500011289e-06
6.375717128007211727e-06
6.366019749798669140e-06
6.356340174958785249e-06
6.346678366650962846e-06
6.337034288117426220e-06
6.327407902679067847e-06
6.317799173735344200e-06
6.308208064764096183e-06
6.298634539321393273e-06
6.289078561041409859e-06
6.279540093636258367e-06
6.270019100895867298e-06
6.260515546687812659e-06
6.251029394957182446e-06
6.241560609726410617e-06
6.232109155095166988e-06
6.222674995240170874e-06
6.213258094415079290e-06
6.203858416950314154e-06
6.194475927252927605e-06
6.185110589806452929e-06
6.175762369170766492e-06
6.166431229981933578e-06
6.157117136952060162e-06
6.147820054869157382e-06
6.138539948596986530e-06
6.129276783074916756e-06
6.120030523317783609e-06
6.110801134415738266e-06
6.101588581534100998e-06
6.092392829913223947e-06
6.083213844868342049e-06
6.074051591789421418e-06
6.064906036141026357e-06
6.055777143462166050e-06
6.046664879366160728e-06
6.037569209540473109e-06
6.028490099746603368e-06
6.019427515819906176e-06
6.010381423669453480e-06
6.001351789277932017e-06
5.992338578701445102e-06
5.983341758069377953e-06
5.974361293584302824e-06
5.965397151521769784e-06
5.956449298230212701e-06
5.947517700130775598e-06
5.938602323717189833e-06
5.929703135555608081e-06
5.920820102284498456e-06
5.911953190614458161e-06
5.903102367328100835e-06
5.894267599279913404e-06
5.885448853396095990e-06
5.876646096674426390e-06
5.867859296184135556e-06
5.859088419065735652e-06
5.850333432530915870e-06
5.841594303862356923e-06
5.832871000413626020e-06
5.824163489609015080e-06
5.815471738943411135e-06
5.806795715982152335e-06
5.798135388360879720e-06
5.789490723785405925e-06
5.780861690031572882e-06
5.772248254945106129e-06
5.763650386441478438e-06
5.755068052505777677e-06
5.746501221192537407e-06
5.737949860625653866e-06
5.729413938998173372e-06
5.720893424572213541e-06
5.712388285678798122e-06
5.703898490717714691e-06
5.695424008157384209e-06
5.686964806534724654e-06
5.678520854454996853e-06
5.670092120591693528e-06
5.661678573686364803e-06
5.653280182548511479e-06
5.644896916055434262e-06
5.636528743152088923e-06
5.628175632850962624e-06
5.619837554231935862e-06
5.611514476442124064e-06
5.603206368695765785e-06
5.594913200274078710e-06
5.586634940525109729e-06
5.578371558863612965e-06
5.570123024770911707e-06
5.561889307794751874e-06
5.553670377549180042e-06
5.545466203714395214e-06
5.537276756036622609e-06
5.529102004327967129e-06
5.520941918466290538e-06
5.512796468395064078e-06
5.504665624123242260e-06
5.496549355725129035e-06
5.488447633340229562e-06
5.480360427173127387e-06
5.472287707493352310e-06
5.464229444635240619e-06
5.456185608997791099e-06
5.448156171044559998e-06
5.440141101303489925e-06
5.432140370366803126e-06
5.424153948890870194e-06
5.416181807596049979e-06
5.408223917266584554e-06
5.400280248750450988e-06
5.392350772959236830e-06
5.384435460868001196e-06
5.376534283515143477e-06
5.368647212002279676e-06
5.360774217494100103e-06
5.352915271218239782e-06
5.345070344465149700e-06
5.337239408587968903e-06
5.329422435002379658e-06
5.321619395186499031e-06
5.313830260680721337e-06
5.306055003087611417e-06
5.298293594071753861e-06
5.290546005359642053e-06
5.282812208739532479e-06
5.275092176061326986e-06
5.267385879236430486e-06
5.259693290237634061e-06
5.252014381098979440e-06
5.244349123915628555e-06
5.236697490843736488e-06
5.229059454100322719e-06
5.221434985963146614e-06
5.213824058770571052e-06
5.206226644921443841e-06
5.198642716874956263e-06
5.191072247150528726e-06
5.183515208327679471e-06
5.175971573045892438e-06
5.168441314004496983e-06
5.160924403962534053e-06
5.153420815738634207e-06
5.145930522210894803e-06
5.138453496316735993e-06
5.130989711052800784e-06
5.123539139474805105e-06
5.116101754697431083e-06
5.108677529894182202e-06
5.101266438297280812e-06
5.093868453197521590e-06
5.086483547944152956e-06
5.079111695944767809e-06
5.071752870665151056e-06
5.064407045629180512e-06
5.057074194418687989e-06
5.049754290673333081e-06
5.042447308090504068e-06
5.035153220425157825e-06
5.027872001489721563e-06
5.020603625153966627e-06
5.013348065344869575e-06
5.006105296046517317e-06
4.998875291299956340e-06
4.991658025203084289e-06
4.984453471910533922e-06
4.977261605633538432e-06
4.970082400639802701e-06
4.962915831253416897e-06
4.955761871854689614e-06
4.948620496880061472e-06
4.941491680821972133e-06
4.934375398228722235e-06
4.927271623704390382e-06
4.920180331908678985e-06
4.913101497556809230e-06
4.906035095419400798e-06
4.898981100322343965e-06
4.891939487146691179e-06
4.884910230828537631e-06
4.877893306358878954e-06
4.870888688783527361e-06
4.863896353202965965e-06
4.856916274772247125e-06
4.849948428700857775e-06
4.842992790252619470e-06
4.836049334745552864e-06
4.829118037551773520e-06
4.822198874097369097e-06
4.815291819862279066e-06
4.808396850380182055e-06
4.801513941238378115e-06
4.794643068077670132e-06
4.787784206592246091e-06
4.780937332529572348e-06
4.774102421690264885e-06
4.767279449927974108e-06
4.760468393149284903e-06
4.753669227313579410e-06
4.746881928432941315e-06
4.740106472572023709e-06
4.733342835847944903e-06
4.726590994430175774e-06
4.719850924540409321e-06
4.713122602452472575e-06
4.706406004492184295e-06
4.699701107037258407e-06
4.693007886517190504e-06
4.686326319413135024e-06
4.679656382257798522e-06
4.672998051635327021e-06
4.666351304181183184e-06
4.659716116582054841e-06
4.653092465575720307e-06
4.646480327950945892e-06
4.639879680547375790e-06
4.633290500255416876e-06
4.626712764016129443e-06
4.620146448821105230e-06
4.613591531712380176e-06
4.607047989782295504e-06
4.600515800173408789e-06
4.593994940078364356e-06
4.587485386739801803e-06
4.580987117450236570e-06
4.574500109551943045e-06
4.568024340436860550e-06
4.561559787546470512e-06
4.555106428371689747e-06
4.548664240452764571e-06
4.542233201379165777e-06
4.535813288789468348e-06
4.529404480371255751e-06
4.523006753860992872e-06
4.516620087043944710e-06
4.510244457754044235e-06
4.503879843873793286e-06
4.497526223334166009e-06
4.491183574114476722e-06
4.484851874242303678e-06
4.478531101793346767e-06
4.472221234891360600e-06
4.465922251708011358e-06
4.459634130462788704e-06
4.453356849422910911e-06
4.447090386903182566e-06
4.440834721265928496e-06
4.434589830920870105e-06
4.428355694325014410e-06
4.422132289982558329e-06
4.415919596444782800e-06
4.409717592309946054e-06
4.403526256223177739e-06
4.397345566876376427e-06
4.391175503008113050e-06
4.385016043403506392e-06
4.378867166894144309e-06
4.372728852357958372e-06
4.366601078719140856e-06
4.360483824948020227e-06
4.354377070060980672e-06
4.348280793120338436e-06
4.342194973234254572e-06
4.336119589556626527e-06
4.330054621286984800e-06
4.324000047670392993e-06
4.317955847997347861e-06
4.311922001603675127e-06
4.305898487870425299e-06
4.299885286223779644e-06
4.293882376134951092e-06
4.287889737120069033e-06
4.281907348740090386e-06
4.275935190600701334e-06
4.269973242352212301e-06
4.264021483689454605e-06
4.258079894351683907e-06
4.252148454122487025e-06
4.246227142829675219e-06
4.240315940345188469e-06
4.234414826584990447e-06
4.228523781508982964e-06
4.222642785120888234e-06
4.216771817468170098e-06
